-0.40751781
-0.51496134
-0.76216781
0.17381989
-0.43256517
0.15203064
0.13644183
-0.145637
0.76560729
-0.36840167
-1.2797967
-2.7801315
-1.0909632
0.12014639
-1.1034903
-1.1480708
-1.5308761
-0.59999999
-0.82587516
-0.8269841
-0.36278758
-1.0957816
-0.46317668
-1.5235191
-0.54186827
-0.086170358
0.76150548
-0.4287465
-0.90302545
-0.17105224
-0.81520721
-0.0017656127
-1.4637072
-0.91251895
-1.1112596
-1.5690125
-1.5143765
-0.54370207
-0.61028187
-0.10825011
-0.60518468
1.2919211
-1.1556428
-0.753524
-0.80176944
-0.72709888
-0.98353029
-0.7335465
-1.5522789
-1.3628524
-1.7423843
-0.2283915
0.14101109
-1.1313808
-0.93558669
-0.22903787
-0.69611853
-0.89213067
-0.23667657
-1.1738484
-0.24947742
-0.36352868
-0.96573884
-0.1452094
-0.766618
-0.99939743
-0.54914851
-0.023422753
-1.0527898
-0.0047516581
-0.68182952
-0.75568432
0.75995516
-1.0327185
-0.17765178
0.19471428
-0.41340672
-0.94659094
0.42456055
-0.87878422
-0.7548336
-0.10285734
-1.2701194
-0.33354307
-0.53660407
-0.97164469
-0.17299301
-1.9645522
-0.60229532
-1.1164266
-0.8072156
-0.16159089
-1.0730891
-0.76411933
-1.6177637
-2.2084877
-0.28319342
-0.33354629
-0.45838502
-0.6050578
1.8992784
-0.068513304
0.72595378
0.98243741
0.16532495
1.0114774
0.18123731
0.20366078
2.05418
0.28158976
1.6027753
-0.34929151
0.66777449
0.99429097
-0.31226422
-0.19263891
1.8984648
0.1689481
0.049263324
0.57772495
0.373082
0.14043369
2.5679217
0.81463373
0.45052625
0.2218933
0.26263671
0.91461012
1.0474677
0.87990353
1.5936771
0.87592699
-1.1271488
1.4781303
0.42935871
1.7815065
0.26746984
-0.95094622
0.2964433
1.3092445
0.52412505
1.101912
0.26269163
0.11245387
-0.010850376
1.0300262
2.8951303
0.76803101
0.43271605
0.1107146
0.20831565
0.42927037
-0.90611574
1.1826292
-0.10382245
0.18712762
0.46642694
0.74605749
0.61986098
0.82146515
0.67265052
0.36041178
-0.22109333
-0.45695242
-0.32435426
0.44748118
0.44096653
1.4044635
1.5459283
0.36754846
0.13795625
0.34641657
0.22637444
2.28151
0.10499364
1.6336312
0.30247709
0.24197574
-0.15034054
0.665119
0.35211658
0.86128383
0.60024369
0.39729581
0.34448824
1.245303
0.26785585
-0.48630844
1.1535943
0.21549949
0.502655
-0.27174923
1.8111507
-0.27429766
-0.034325948
2.5105074
0.16261621
1.5253386
1.0765765
2.2804948
